0
19466
19466
20764
20764
20764
45421
22062
131072
112904
112904
6489
5191
10382
107713
131072
131072
22062
22062
23359
93437
93437
19466
20764
22062
6489
131072
131072
70078
25955
25955
5191
72674
68780
11680
11680
7786
5191
9084
9084
79162
79162
101224
83056
83056
123286
131072
131072
119392
114201
128477
131072
131072
98628
53207
46719
48016
62292
62292
71376
89544
89544
93437
111606
98628
109010
109010
84353
85651
42826
42826
58398
54505
54505
55803
55803
66185
27253
27253
16871
9084
9084
11680
11680
11680
81758
106415
106415
103819
103819
102522
106415
102522
98628
107713
107713
86949
81758
101224
110308
89544
66185
49314
48016
50612
57101
57101
55803
48016
48016
49314
55803
66185
53207
12977
12977
11680
44123
44123
97331
64887
45421
11680
27253
109010
111606
111606
20764
19466
67483
23359
11680
66185
44123
18168
18168
54505
51910
29848
27253
9084
9084
5191
5191
6489
10382
107713
107713
59696
46719
48016
48016
48016
50612
79162
79162
98628
45421
12977
7786
7786
6489
7786
7786
11680
10382
10382
45421
83056
55803
88246
107713
110308
115499
115499
24657
41528
9084
19466
77865
64887
72674
64887
64887
81758
64887
64887
60994
53207
16871
10382
7786
5191
6489
6489
6489
57101
57101
131072
29848
60994
80460
75269
75269
66185
55803
15573
11680
71376
49314
59696
68780
76567
70078
70078
62292
90842
83056
54505
86949
86949
11680
11680
71376
71376
67483
14275
16871
64887
25955
12977
12977
9084
99926
99926
89544
45421
14275
7786
6489
10382
83056
111606
111606
93437
76567
45421
44123
20764
50612
92140
92140
67483
20764
20764
5191
7786
7786
9084
9084
9084
7786
7786
9084
9084
9084
12977
11680
81758
59696
75269
48016
48016
32444
32444
6489
5191
75269
98628
98628
99926
35039
40230
40230
70078
40230
50612
50612
50612
5191
62292
62292
89544
15573
9084
75269
73971
70078
44123
44123
29848
15573
15573
10382
66185
66185
58398
10382
19466
93437
93437
89544
97331
97331
107713
29848
89544
89544
106415
106415
96033
99926
99926
48016
15573
15573
57101
88246
88246
9084
9084
36337
41528
53207
53207
24657
20764
97331
98628
98628
77865
77865
86949
75269
49314
18168
14275
14275
107713
77865
77865
67483
49314
37635
15573
10382
14275
76567
58398
58398
24657
14275
10382
11680
10382
12977
15573
16871
16871
19466
19466
27253
33741
62292
70078
101224
101224
68780
68780
41528
7786
6489
7786
7786
9084
10382
11680
11680
131072
51910
51910
15573
11680
12977
105117
101224
101224
10382
6489
6489
51910
51910
71376
44123
44123
15573
10382
10382
12977
11680
10382
22062
15573
22062
111606
80460
80460
31146
31146
106415
55803
5191
5191
42826
84353
86949
59696
59696
19466
9084
9084
116797
41528
7786
9084
9084
83056
80460
80460
62292
73971
73971
22062
59696
88246
15573
55803
55803
45421
11680
70078
59696
90842
16871
9084
9084
64887
23359
42826
57101
85651
70078
54505
31146
48016
81758
81758
92140
19466
15573
23359
20764
73971
73971
96033
96033
36337
12977
99926
131072